QGC WPL 110
0	1	0	16	0	0	0	0   -35.363262	149.165237	583.730592	1
1	0	3	22	0.00000000	0.00000000	0.00000000	0.00000000	-35.363262  149.165237	10	1
2	0	3	16	0.00000000	0.00000000	0.00000000	0.00000000	-35.36290880	149.16430860	3.000000	1
3	0	3	16	0.00000000	0.00000000	0.00000000	0.00000000	-35.36278850	149.16496170	5.000000	1
4	0	3	16	0.00000000	0.00000000	0.00000000	0.00000000	-35.36310350	149.16446950	7.000000	1
5	0	3	16	0.00000000	0.00000000	0.00000000	0.00000000	-35.36340320	149.16492280	3.000000	1
6	0	3	16	0.00000000	0.00000000	0.00000000	0.00000000	-35.36286180	149.16526480	9.000000	1
7	0	3	16	0.00000000	0.00000000	0.00000000	0.00000000	-35.36336820	149.16552900	11.000000	1
8	0	3	21	0.00000000	0.00000000	0.00000000	0.00000000	-35.36270320	149.16429790	0.000000	1
